middle:
  extrinsic:
  - [0.02871796, -0.99954626, -0.00908599, -0.01260632]
  - [-0.6612885, -0.02581423, 0.74968736, -0.26729924]
  - [-0.74958174, -0.01552103, -0.66172978, 0.49031249]
  - [0.0, 0.0, 0.0, 1.0]
left:
  extrinsic:
  - [0.05147085, 0.96143362, 0.270178, -0.08495756]
  - [-0.99773138, 0.03775006, 0.05574069, 0.00273468]
  - [0.04339174, -0.27243409, 0.96119552, -0.03168481]
  - [0.0, 0.0, 0.0, 1.0]
right:
  extrinsic:
  - [0.01341961, 0.96103874, 0.27608775, -0.10802554]
  - [-0.99981222, 0.00903625, 0.01714274, 0.01188566]
  - [0.01398004, -0.27626595, 0.96097954, -0.02011122]
  - [0.0, 0.0, 0.0, 1.0]
